268
601
2418
124
1077
2760
2139
540
2705
1030
893
1125
172
2606
743
657
453
1404
4850
995
188
436
509
429
1005
928
3395
450
15680
1310
22
96
426
117
935.7
2504
2678
1370
536
1214
1070
321
339
574
917
1727
784
1196
250
573
427
352
911
840
380
1607
276
52
2448
199
8930
707
444
399
291
240
260
500
435
80
1063
289
672
458
295
1128
771
1114
1024
193
283
1111
816
477
728
147
750
286
497
102
496
873
425
534
790
455
599
3300
162
184
215
298
346
58
275
204
539
309
708
275
226
541
789
805
423
394
16030
547
1906
381
2064
557
263
165
502
155
518
791
501
1187
503
660
134
2303
1357
449
423
92
360
835
3147
1203
2048
489
863
417
347
919
464
366
449
831
400
2261
793
1361
847
717
289
1441
2298
1281
1013
362
299
2745
594
912
1968
195
675
465
490
913
1495
121
356
1775
453
470
2636
756
477
1607
1395
273
258
280
162
494
1907
174
852
1826
350
500
658
882
220
126
107
190
510
265
446
1378
1310
4015
995
1434
6680
838
663
1068
735
95
545
750
2444
629
246
1292
436
1080
827
1025
1238
873
1496
259
2129
1129
803
323
543
1082
666
874
143
499
1124
2049
729
1817
856
927
1636
2115
2531
1153
1014
1754
712
618
671
534
457
5380
1327
1640
661
195
2495
110
496
438
173
4470
4850
2202
2275
3055
2999
4260
573
1807
5630
4095
8830
2590
321
2507
105
461
401
2618
445
1874
857
518
1263
6560
441
2652
463
1371
1180
102
1794
219
308
1209
2311
2020
620
296
6270
799
645
514
294
547
234
800
647
941
2654
489
2624
126
198
1260
643
233
216
2145
1235
1974
1095
579
870
1238
2922
734
290
303
672
1401
735
446
681
1371
2884
669
431
551
587
958
484
2569
2849
727
795
754
2710
600
3910
4070
1335
2067
1311
222
710
347
1475
2813
482
1209
233
422
1110
372
790
2829
356
171
798
2719
744
950
961
230
604
398
3540
1891
631
1636
520
765
391
1030
1677
1515
676
262
615
3686
1649.5
959
220
41
1964
2775
587
2755
1845
927
4885
510
5450
3495
1837
899
1173
459
2044
153
352
2787
345
8760
645
1691
77
1099
398
5240
692
2149
109
535
1025
3410
7090
143
1536
1675
887
4530
1869
1520
3670
786
97
1180
4200
169
80
4975
1635
559
2635
227
1980
378
765
270
439
2039
806
393
1003
2620
2130
899
2527
569
913
229
1795
2226
323
528
424
372
1893
2509
4335
303
1512
2205
939
728
715
1921
233
1518
3615
909
118
820
190
1446
6400
2201
2168
295
423
1760
4925
1109
561
547
2478
3825
2650.5
209
4700
1920
2798
2120
2338
1006
280
874
6290
1165
590
1839
1973
2298
1201
981
357
1066
4025
335
765
2119
1578
981
370
196
5360
1130
177
885
682
1030
147
758
2383
3530
4708
2354
471
2144
548
1675
3305
528
1272
111
834
676
508
523
1588
1225
321
1133
112
57
111
1316
551
1878
568
525
1888
1801
555
1625
308
1663
2503
1073
303
562
1019
1260
3965
215
1115
838
1018
465
632
828
996
729
765
3400
305
968
556
1313
445
639
147
1007
4330
3115
560
1141
376
659
591
3090
1487
1956
5600
1057
3105
4700
1140
1350
877
5330
5080
1281
198
56
221
1269
213
224
114
365
81
177
1997
195
463
99
1600
1332
1012
864
1432
940
2990
1258
814
6090
683
648
2731
926
918
575
2233
2156
555
368
826
532
1077
1037
604
461
523
1723
1063
712
721
1170
1468
3090
2957
1266
935
529
1960
1489
1350
662
640
586
517
485
2516
547
2025
1065
3790
1051
1454
1551
1435
781
65
490
487
71
2001
1035
1797
2077
1237
1708
2128
566
369
214
170
366
355
1146
407
806
573
45
2241
4070
4660
278
1046
187
189
451
1514
1694
993
541
542
378
2458
815
2244
1524
690
1750
2279
2299
1559
52
900
80
1040
911
67
993
609
640
1450
72
856
1810
2020
1589
3815
822
75
325
19880
35
753
1020
269
268
410
2785
819
351
1063
885
283
245
724
829
260
4739
321
3550
1239
1069
1132
69
10650
937
563
2375
3025
1025
1965
5940
1400
409
971.8
1471
805.9
175
94
1415
1788
463
1826
505
2041
1341
189
543
937
155
2059
1037
734
737
2410
1655
550
300
60
3525
1230
2214
1836
1385
2545
2655
1041
1820
1770
2320
285
844
450
278
460
50
154
161
55
116
201
3000
1230
1118
152
857
1201
955
134
100
655
239
1354
5990
1245
237
259
124
539
721
1061
4540
2840
960
2588
550
1081
1664
672
5350
590
1701
3485
1262
2426
1728
535
740
42
991
1416
2028
10620
2156
787
671
983
583
1732
942
562
1757
1994
381
1041
6520
649
2538
457
1620
1785
412
1156
1245
367
2755
770
1883
955
600
1228
2298
1042
744
920
2789
1453
2866
2615
2710
5330
5470
1169
1595
924
2966
362
721
2299
1673
93
669
4985
425
727
4505
259
1393
361
3950
497
1125
320
1050
518
332
616
656
735
2010
2010
1989
308
524
658
7670
405
1274
790
1191
2253
704
185
69
1411
91
308
699
755
1209
1423
980
591
908
348
980
415
1659
890
900
537
446
436
402
649
725
1640
2655
923
455
202
739
1030
2290
121
484
1206
1055
1531
313
161
867
1110
858
2741
166
1999
1355
605
1329
547
1100
1241
959
304
1161
1012
485
2180
84
715
212
188
1062
832
452
510
620
515
2741
2910
963
1692
842
2533
4155
4500
2185
1344
625
2551
1330
22430
25690
3290
4680
3150
1369
1470
1859
1913
1897
2350
3600
5380
2776
3450
1679
2026
1882
4700
2087
2180
2860
13340
608
170
283
411
2702
2220
1151
509
267
241
118
529
116
574
3045
110
388
672
578
516
79
225
929
600
539
193
628
994
423
852
484
1527
6299
175
319
798
3130
1752
1089
215
732
800
1029
641
187
973
316
480
2273
234
327
6080
644
474
153
961
168
107
2016
627
392
1655
3215
653
600.6
676
1445
470
1472
778
2481
217
1525
559
213
1968
643
414
295
65
152
346
307
628
491
658
219
784
649
500
837
1064
894
1616
1149
1678
1246
387
494
815
1324
494
670
682
455
1335
1464
2669
1337
1419
1138
2403
1217
4005
310
2352
786
620
422
887
199
1013
500
717
6080
1441
2670
516
620
564
445
378
2041
831
3400
2392
516
812
1557
105
1791
700
502
317
514
173
122
790
472
224
298
1699
1733
1635
872
128
195
276
532
5929
353
1400
988
767
1418
858
5515
1572.5
1481
5881
1952
269
1483
5250
3625
3860
6430
7305
504
4180
1982
5188
5560
256
8630
1687
270
498
2923
2788
4445
4905
2696
1769
2267
1290
2730
2773
5140
1991
7280
555
478
286
1435
757
356
24980
2666.5
2358
1163
1852
3680
1508
973
701
3160
4440
578
9210
427
914
3055
2308
1319
6900
692
4195
1003
1822
1783
1733
2479
207
3065
2031
170
116
782
889
515
165
500
505
3780
934
9000
1102
276
1296
462
200
950
298
2296
355
1029
314
740
626
206
1080
925
402
560
3215
7901
590
637
2100
3205
7670
1231
1808
1399
1805
1313
410
685
656
2376
5960
835
926
625
514
4675
550
473
757
4390
961
248
1150
851
102
417
6060
878
1748
270
844
863
1821
734
1827
4745
504
307
468
2214
523
716
2066
1819
768
5680
483
925
1330
174
640
1535
495
1080
312
710
5510
850
483
1257
48
3275
350
538
167
3650
712
511
2860
768
217
2302
1470
2198
800
189
5000
2235
1278
443
3710
472
1377
261
212
870
501
475
2510
305
346
562
487
755
1882
916
4596
1022
2530
1344
2570
5020
404
4780
328
1606
10490
1135
2271
3210
2319
8910
3125
929
1105
715
1046
1405
644
1818
255
1385
1236
709
4700
9120
984
796
819
912
2040
1593
3680
1410
765
620
1463
1092
4700
355
1452
346
329
2904
980
607
660
520
1169
126
427
234
826
1049
1268
1276
348
1200
2367
481.4
1410
1893
92
74
1648
4242
1738
454
860
146
1888
669
1213
896
2806
883
363
993
906
783
545
766
271
667
94
202
595
168
374
605
326
442
517
492
311
333
439
312
598
585
294
145
1720
248
168
1035
748
345
466
388
680
438
194
298
239
271
1438
249
3970
2250
2320
192
84
159
110
3010
207
258
147
289
229
172
388
233
328
1504
434
439
532
80
726
225
89
2557.5
123
70
216
1870
1463
725
1816
2666
380
626
1814
2579
369
1118
70
494
3370
303
420
79
156
524
452
942
1303
102
347
1090
181
171
170
385
112
130
163
287
391
192
215
241
447
150
369
319
695
284
199
213
320
372
1309.5
738
168
37
1128
1620
863
297
235
671
94
995
3265
107
266
1381.5
563
65
899
360
207
361
302
1923
225
901
434
681
72
1533
2271
326
520
104
298
332
1104
1289
268
243
506
497
209
366
880
968
1590
1068
380
580
2427
275
92
565
439
1877
2601
10110
1978
113
615
99
55
476
294
178
851
152
748
745
327
203
1221
501
685
2301
786
159
943
500
653
482
257
119
6170
520
413
1023
276
330
506
1276
736
2127
990
78
213
143
558
471
2470
2357
3195
911
5480
3200
743
2063
5250
730
1805
2816
750
1650
1424
622
880
987
913
2299
3540
1208
468
2777
2874
576
782
2075
1378
2630
1550
1510
507
509
1865
573
416
1537
960
1260
770
1905
1725
625
1850
1113
1551
883
995
1220
2141
596
991
897
272
860
1295
4045
721
1594
1735
3515
1335
477
921
355
104
1167
1056
126
128
73
1180
726
2110
251
136
1132
1355
265
889
982
10090
622
225
2217
628
1740
1876
594
2290
1242
1194
760
5590
477
675
2165
1096
5060
1350
1550
4135
2030
4550
964
4430
2749
894
2144
747
2959
3380
4150
1672
5080
555
112
78
340
125
75
1880
1338
1980
2945
644
453
753
375
865
868
1525
830
316
207
5060
999
3395
372
515
523
253
1072
1370
2575
1684
927
655
28740
453
578
3090
4500
314
1822
2197
541
2389
1940
630
510
687
893
267
671
1072
443
213
2039.5
500
531
1945
333
204
1537
243
1270
303
727
177
211
631
850
1145
2730
533
1761
301
1259
318
228
952
843
145
44
354
456
904
964
1390
178
23
853
235
119
1303
1555
349
312
587
192
530
156
1051
688
1832
893
9141
430
242
2728
752
192
863
380
849
102
1162
2019
882
941
451
391
267
184
1126
182
153
106
935
300
1068
1172
970
308
798
2548
2409
1761
642
114
4335
947
1999
2588
1816
487
1331
1863
234
1785
1010
336
620
1366
1162
1345
3795
1593
943
1288
1526
378
2966
1517
9580
1166
485
670
1115
1062
375
1592
380
927
974
418
2251
1983
555
1444
1562
672
304
962
291
290
69
131
550
945
473
538.6
247.7
1227
415
323
1305
152
471
278
535
1272
779
613
7140
442
228
136
5490
356
7875
2098
1689
1644
407
5660
376
560
320
528
117
1200
774
122
307
2250
288
362
698
291
645
573
601
1283
1276
438
807
3575
155
2250
1815
1041
450
1420
687
180
582
711
263
724
507
399
406
1346
435
456
204
2406
712
2343
283
420
161
74
515
394
97
332
1928
357
137
850
675
1931
479
3650
879
119
559
945
2834
220
941
352
1655
1310
325
298
2059
286
1044.5
145
638
1779
1293
756
3017
6970
166
578
306
1507
1897
138
115
311
58
165
425
818
741
547
1456
314
5810
2255
446
2400
339
363
570
518
408
43
741
14060
1324
1160
1798
650
132
1321
713
74
2197
420
1695
1282
960
2191
1162
44
2665
337
99
1024
223
1272
420
2930
556
2905
994
147
409
434
4280
1106
720
1513
608
67120
126
552
655
2334
7310
1270
1091
1388
1210
4205
410
188
546
375
3425
1163
55
135
575
1155
388
133
190
178
4562
209
1109
710
5300
441
584
3800
2286
630
809
337
1532
2444
193
1607
375
390
247
2051
597
981
1566
698
271
594
155
111
1050
167
1224
518
2220
18905
93
1521
424
5800
3295
247
5090
294
3190
705
668
61
5535
96
130
165
1176
129
15250
123
713
1717
6403
139
89
542
2086
787
155
171
811
177
580
433
342
260
843
134
171
234
279
511
314
1383
1195
432
154
270
4185
340
1468
3970
2950
1004
728
635
2656
1384
838
529
860
556
1066
1292.5
5919
1273
788
504
1092
772
761
1320
408
725
919
2198
1150
801
1164
730
2085
1579
228
404
175
296
1558
1972
452
352
245
847
393
362
818
1037
1722
260
414
1152
4310
454
1816.5
1556
1048
411
1007
3160
3228
3949
470
2026
145
993
4850
397
2457
3020
1684
2141
929
1016
2096
980
1420
2299
1904
570
915
435
127
17110
427
2636
1000
265
388
1094
2947
673
174
1179
777
1015
1143
746
1198
575
939
1800
510
896
772
547
1593
2329
194
1731
2890
25450
456
1215
4760
1863
1363
400
105
1073
381
2996
2051
1996
2080
2015
4065
98
1038
888
1137
2051
2222
834
542
1487
484
347
881
250
1422
1258
987
522
256
1014
1916
1734
590
112
1483
1670
1032
505
829
1067
273
3300
4040
1373
790
224
771
372
1234
1406
623
976
1504
1295
1075
448
3385
170
1578
87
2530
483
222
1978
1911
631
447
1444
578
1329
1746
1273
1132
674
467
289
793
2575
1846
4440
1456
322
708
81
2637
40
3345
1172
861
1782
1167
638
2638
376
150
332
1226
6690
3255
779
3990
1056
42
474
1034
1241
33
5640
1761
295
801
641
530
514
630
955
289
652
3800
4660
1408
39
163
1247
309
376
146
235
2382
1963
1722
1452
4570
1106
939
1675
1887
4401
1212
672
403
169
5660
522
3800
3383
1195
132
404
670
320
150
363
1384
895
749
1021
2544
3735
958
1800
715
3650
577
1160
3635
4090
718
399
1057
1188
414
934
1009
1671
680
661
123
2477
505
133
558
119
981
284
1739
1033
525
952
4420
396
1490
832
254
23
497
2786
143
1471
1268
241
3735
2646
783
338
387
395
514
649
89
1331
503
300
194
413
400
637
117
350
304
448
550
1134
482
107
122
258
299
299
591
336
4410
168
988
1101
551
333
1784
207
2738
865
145
108
1389
385
450
1029
475
357
1470
1009
2320
2392
309
320
1980
1750
1429
106
4830
1734
3330
2044
400
787
2936
157
1805
152
852
1510
1693
2239
1658
620
319
766
17140
178
5340
1393
626
993
1349
161
445
292
5200
725
1385
152
33
1041
291
160
243
1475
609.7
472
302
174
2751
272
1288
50
1522
2724
766
389
170
536
149
115
5880
152
262
1400.5
329
7873
3330
1049
173
119
198
234
3260
120
429
237
435
904
298
1228
1349
466
1965
507
1995
231
664
3240
1354
388
490
176
113
2597
205
746
188
512
1433
867
654
240
1112
1719
650
142
76
182
227
225
1954
819
1137
115
385
57
7
970
4610
2474
1594
768
895
376
4085
151
802
396
2630
2070
553
429
916
150
2266
731
238
236
2763
1136
2480
617
615
662
505
953
1162
221
2913
1383
1069
465
1230
2263
807
756
193
1100
541
579
1080
894
2584
119
2155
132
1414
2529
2961
1430
671
2850
1719
2299
91
119
289
368
269
1314
195
1203
2586
4140
226
218
14460
850
438
847
921
1850
308
92
141
138
890
970
1718
2142
61
3560
146
1443
53
1662
816
4395
310
794
2351
2446
4875
1767
3785
1926
349
1552
591
268
2200
344
37350
168
405
579.3
435.4
376.4
3803
407
201
215
616
413
492
3050
522
317
422
347
310
438
4275
380
149
182
418
908
354
2199
533
434
363
223
332
2428
3895
499
328
441
820
1364
210
160
441
765
1260
172
779
339
220
580
352
299
225
287
3765
244
1330
490
181.3
119
1076
535
4915
2004
4025
1680
1260
889
461
1870
410
270
564
194
387
307
5100
160
222
212
234
151
165
433
1110
436
2884
153
94
80
91
185
3310
2523
605
440
235
2540
106
1686.5
522
3680
440
332
718
549
628
1035
275
629
139
318
973
154
993
3207
1647
6090
7480
746
1821
299
1070
129
376
238
155
1374
1114
614
1330
5110
187
436
2829
3109
1010
1492
708
402
235
216
245
365
451
1468.5
3913
929
2556
1356
1380
1017
117
1617
1143
1211
2966
2285.5
1389
1583
971
612
3580
75
69
180
932
487
430
694
2331
110
236
690
505
668
2204
1704
14180
1036
378
615
2080
770
1991
878
426
277
147
26
725
1166
540
982
1651
1114
2418
115
121
1318
13
4100
121
837
124
109
257
625
659
1076
1132
498
2549
884
265
771
358
591
348
582
722
994
1020
1281
1022
1614
1466
227
446
192
10325
6962
20960
2454
1335
1301
290
703
456
1360
1105
2007
2742
470
731
602
839
368
575
324
506
564
765
6080
745
299
518
229
2325
526
329
244
415
719
289
2110
337
232
578
1213
400
771
652
696
397
1899
2684
835
246
280
254
164
404
464
94
151
302
298
198
263
321
4098
317.2
3430
413
581
1593
307
573
286
156
232
900
368
389
142
399
13
948
862
739
150
120
150
952
335
685
145
143
45
1053
494
353
1098
2779
1396
299
1531
496
384
274
939
1026
202
840
88
1650
630
1921
687
922
603
1945
631
1999
1010
1432
1565
973
2105
2745
1261
99
219
467
504
5035
3387
8370
3055
2744.5
814
256
587
365
400
1385
1315
3320
1623
254
914
2424
612
277
139
609
1490
1007.5
1449
1538
1384
1450
1125
930
2858
3430
548
1518
514.4
423.4
765
275
365
257
272
484
264
768
2901
1187
1103
2921
3040
873
895
544
274
1657
5890
8720
1014
1022
1353
428
5640
1412
1314
798
384
120
223
3010
649
888
955
387
1111
151
1025
408
939
5010
3100
341
530
225
76
153
3015
480
2208
2989
246
1203
958
779
1753
319
2684
3095
282
833
40
4075
540
2400
244
220
2961
1903
937
4015
3000
496
804
174
1702
3300
261
636
8644
1026
2353
1173
909
3940
3120
2840
477
2574
311
1255
1672
487
1745
569
214
187
158
462
3510
161
847
1205
1123
379
675
3235
3075
890
1707
757
808
2134
1057
470
879
398
682
76
140
1742
1661
130
2170
206
4535
568
1918
138
321
850
1204
10580
303
1007
383
998
451
849
219
390
738
635
1384
682
1781
2745
1933
272
92
449
2329
499
2843
272
692
2054
164
477
11
1197
1220
3030
230
100
1206
1006
236
268
826
129
1163
430
165
1198
3635
3505
119
1098
1876
2010
1784
2618
590
1221
2749
972
734
924
1648
889
1748
266
471
151
104
4535
1275
310
1438
145
425
31950
6293
1303
3935
7950
1483
1062
278
1674
2118
435
1058
585
